[1] 3 1 1 3 1 1 1 1 1 2 1 3 1 1 2 1 1 1 1 2 3 1 1 2 1 3 3 3 1 2 2 1 1 3 2 1 3 1 2 2 1 1 1 1
  [45] 1 3 1 1 3 2 1 1 3 2 1 2 3 2 3 1 1 1 2 1 3 1 3 1 1 3 3 1 3 3 1 1 1 1 1 1 1 1 2 1 2 3 2 1
  [89] 1 1 1 1 2 1 2 1 3 1 3 3 1 1 3 2 1 3 1 1 1 2 1 3 1 1 1 2 1 3 1 1 1 1 1 2 1 1 3 1 2 1 3 3
 [133] 1 1 1 1 1 1 3 1 3 1 3 3 3 1 2 1 1 1 1 1 1 3 1 1 3 3 2 3 3 2 1 1 1 1 1 1 1 1 3 1 1 1 1 2
 [177] 1 1 1 1 3 1 1 1 1 2 1 1 1 1 3 1 1 3 1 1 1 1 1 3 1 1 3 2 1 1 3 3 3 1 1 1 1 1 1 1 1 1 1 3
 [221] 1 1 1 2 3 3 1 3 1 1 1 3 1 3 1 3 1 1 3 1 2 1 2 1 2 3 3 1 1 1 3 2 2 1 2 3 2 1 1 2 3 3 3 2
 [265] 3 2 3 3 1 1 1 2 1 1 1 1 1 1 3 1 3 2 1 3 1 1 1 3 2 3 1 3 2 1 1 1 3 3 2 1 1 3 3 1 3 3 3 1
 [309] 3 1 1 1 2 1 2 1 1 1 1 1 1 3 2 1 1 1 1 2 2 1 2 3 3 3 3 3 3 3 2 1 3 3 3 3 1 1 1 1 1 1 3 1
 [353] 1 3 3 3 1 1 1 1 1 1 3 1 1 1 3 1 1 1 3 3 1 2 1 3 3 2 3 3 3 2 3 1 1 1 3 2 1 1 1 1 1 1 1 1
 [397] 1 3 3 1 1 1 3 1 1 1 1 1 1 1 1 3 3 1 1 1 1 3 3 2 2 2 2 1 1 1 1 1 1 3 3 1 1 3 1 3 1 1 3 1
 [441] 1 2 1 3 3 1 3 1 1 1 1 1 1 1 1 3 3 3 1 1 1 3 3 1 1 3 3 3 3 1 1 1 1 3 3 2 2 1 1 1 3 1 1 1
 [485] 1 1 3 1 2 1 1 3 1 3 3 1 1 1 1 3 2 1 3 2 1 1 1 1 1 1 3 1 1 1 3 1 3 1 1 1 3 1 1 1 2 1 3 1
 [529] 1 1 2 3 3 3 3 1 1 1 1 3 1 1 3 2 1 3 1 1 1 2 3 1 3 1 3 1 1 1 2 1 1 1 1 1 1 1 1 1 1 2 1 1
 [573] 1 2 3 3 1 2 1 1 3 1 1 3 1 1 1 2 3 1 3 1 1 3 1 1 1 1 1 2 1 1 1 3 3 1 1 3 1 2 1 1 1 1 1 2
 [617] 3 3 2 1 1 2 1 2 3 1 1 1 1 2 1 1 1 1 1 3 1 3 3 3 1 2 3 1 3 1 1 1 1 3 1 1 1 1 3 3 1 1 3 3
 [661] 1 3 1 1 3 2 1 2 2 1 1 1 1 1 2 1 3 2 3 1 1 1 2 1 1 1 1 1 3 2 1 1 1 1 1 1 2 2 1 1 1 1 1 1
 [705] 1 1 2 1 1 1 1 1 1 1 1 3 1 3 1 3 1 1 3 1 1 2 1 3 1 1 3 1 1 1 3 1 2 1 2 2 1 3 2 1 1 1 3 1
 [749] 1 1 3 1 3 3 3 1 1 3 1 2 1 1 3 1 1 3 1 1 3 1 3 1 3 3 1 1 1 1 1 1 3 1 1 3 1 1 3 1 1 3 1 1
 [793] 1 3 1 3 1 1 3 3 1 3 1 2 1 1 3 1 1 1 1 1 1 1 1 1 1 1 3 2 1 1 1 1 3 3 2 3 2 1 3 1 1 3 1 1
 [837] 1 3 1 3 1 3 2 3 1 2 1 1 1 1 2 3 2 3 3 1 2 3 3 1 2 1 3 1 1 1 1 1 3 1 1 1 1 1 1 1 3 1 1 1
 [881] 1 1 1 2 1 3 3 1 1 3 2 1 1 2 3 3 3 1 1 1 1 2 1 1 3 1 1 1 3 3 1 2 3 1 1 1 3 2 3 1 3 3 1 1
 [925] 1 3 1 3 3 1 1 1 1 1 1 3 2 1 1 1 1 1 1 1 3 3 1 2 1 3 1 2 1 2 3 1 2 3 2 3 1 1 3 1 3 1 3 1
 [969] 1 1 1 1 1 1 1 3 1 1 1 1 3 1 3 3 1 1 1 3 1 3 1 1 1 1 3 1 1 3 1 1