Medoids:
       ID age sex    bmi children smoker region   charges
[1,] 1233  54   1 24.605        3      1      2 12479.709
[2,] 1006  29   2 31.730        2      1      2  4433.388
[3,] 1208  36   2 33.400        2      2      4 38415.474
Clustering vector:
   [1] 1 2 2 1 2 2 2 2 2 3 2 3 2 1 3 2 1 2 1 3 1 2 2 3 2 1 1 1 2 3 3 2 2 1 3 2 1 2 3 3 2 2 2 2
  [45] 2 1 2 2 1 3 2 2 1 3 2 3 1 3 1 2 1 2 3 2 1 2 1 2 2 1 1 2 1 1 2 1 2 2 2 2 2 2 3 1 3 1 3 1
  [89] 2 1 2 1 3 2 3 2 1 1 1 1 2 2 1 3 2 1 2 2 2 3 1 1 2 2 1 3 1 1 1 2 2 2 2 3 1 2 1 1 3 2 1 1
 [133] 1 2 2 2 2 2 3 2 3 2 1 1 1 2 3 1 1 2 2 2 2 1 2 2 1 1 3 1 1 3 1 2 2 1 2 2 2 2 1 2 2 2 2 3
 [177] 2 1 1 1 1 2 2 2 2 3 2 2 2 2 1 2 2 1 2 2 2 1 1 1 2 1 1 3 2 2 1 1 1 2 2 2 2 2 1 2 1 2 2 1
 [221] 2 1 2 3 1 1 2 1 2 1 2 1 2 1 2 1 2 2 1 2 3 2 3 2 3 1 1 2 2 2 1 3 3 2 3 1 3 2 1 3 1 1 1 3
 [265] 1 3 1 1 2 1 2 3 2 1 2 1 2 2 1 1 1 3 2 1 1 2 1 1 3 3 2 1 3 2 2 2 1 1 3 1 2 1 1 2 1 1 1 2
 [309] 1 2 2 2 3 2 3 1 1 1 2 2 2 1 3 1 2 2 2 3 3 1 3 1 1 1 1 1 1 1 3 2 1 1 1 1 1 2 2 2 2 2 1 1
 [353] 2 1 1 1 1 1 2 2 1 2 1 2 2 1 1 2 2 2 1 1 2 3 2 1 1 3 1 3 1 3 1 2 2 2 1 3 2 2 1 2 1 1 1 2
 [397] 1 1 1 2 1 2 1 1 2 1 2 1 2 2 2 1 1 2 2 2 1 1 1 3 3 3 3 2 1 1 2 2 2 1 1 2 2 1 2 1 2 2 1 2
 [441] 2 3 2 3 3 2 1 1 2 2 2 2 2 2 2 1 1 1 1 2 1 1 1 1 2 1 1 1 1 2 2 2 2 1 1 3 3 2 2 2 1 1 2 1
 [485] 1 2 1 2 3 1 2 1 2 1 1 2 2 2 2 1 3 2 1 3 2 2 2 2 2 1 1 2 1 2 1 1 3 2 2 2 3 2 1 2 3 1 1 1
 [529] 2 2 3 1 1 1 1 2 2 1 2 3 2 2 1 3 1 1 2 1 2 3 1 2 1 1 1 2 2 2 3 2 1 1 2 1 2 2 2 2 1 3 2 2
 [573] 2 3 1 1 2 3 1 2 1 2 2 1 2 2 2 3 1 2 1 2 2 1 2 1 2 2 2 3 2 1 1 1 1 1 2 3 2 3 1 2 2 2 2 3
 [617] 1 1 3 1 2 3 1 3 1 2 2 1 1 3 1 2 2 2 1 1 2 1 1 1 2 3 1 2 1 1 2 2 2 1 1 1 2 1 1 1 2 2 3 1
 [661] 2 1 2 2 3 3 1 3 3 2 2 2 2 2 3 2 1 3 1 1 2 2 3 1 2 1 2 2 3 3 2 2 2 2 2 2 3 3 1 2 2 1 1 2
 [705] 1 2 3 1 2 2 2 1 2 2 2 1 1 1 1 1 1 1 1 2 1 3 2 1 2 2 1 1 2 1 1 1 3 2 3 3 1 1 3 2 1 1 1 2
 [749] 1 2 1 2 1 1 1 2 2 1 2 3 2 2 1 2 1 1 2 2 1 2 3 1 1 1 2 1 2 2 2 1 1 2 1 1 2 2 1 2 2 1 2 2
 [793] 2 1 2 1 2 2 1 1 2 1 2 3 2 2 3 2 2 2 1 2 1 2 2 2 2 2 1 3 2 2 2 2 1 1 3 1 3 2 1 2 2 1 2 2
 [837] 2 1 2 1 2 1 3 3 1 3 1 2 2 1 3 1 3 1 1 2 3 1 1 1 3 2 1 2 1 2 2 1 1 2 1 2 2 2 1 2 3 2 2 2
 [881] 2 2 2 3 2 1 3 2 2 1 3 2 1 3 1 1 1 2 2 2 1 3 2 2 1 2 2 2 1 1 2 3 1 2 2 2 1 3 1 2 1 1 2 2
 [925] 2 1 2 1 1 2 2 2 1 2 2 1 3 1 2 1 2 1 2 2 1 1 2 3 2 1 1 3 2 3 1 2 3 1 3 3 2 2 1 1 3 2 1 2
 [969] 2 1 1 2 2 2 2 1 2 2 1 2 3 2 1 1 2 2 2 3 2 1 2 2 1 2 1 2 2 1 2 2
 [ reached getOption("max.print") -- omitted 338 entries ]
Objective function:
   build     swap 
3396.498 3115.255 
